celf
[1560.0,
 323.52728052098763,
 111.60325074345617,
 100.928853383765,
 96.76070612433269,
 89.19394347268197,
 88.36421989175109,
 83.32170470724286,
 81.38938418374558,
 80.50978552081492,
 76.58994700292396,
 76.42247208797909,
 74.44146751707892,
 73.3086843028174,
 72.33975465786034]

betweenness
 [1560.0,
 1560.0,
 1560.0,
 1560.0,
 1560.0,
 1560.0,
 312.8387429020691,
 312.817864057806,
 309.4197956817926,
 309.2530342137894,
 309.21451720439535,
 309.18017090261014,
 308.941405757825,
 308.59756783355886,
 308.58717948717947]


in-degree
[
 1560.0,
 1560.0,
 1560.0,
 1560.0,
 1560.0,
 1560.0,
 1560.0,
 195.31628265572635,
 169.45821987523334,
 164.26789633151918,
 136.46376181771683,
 117.68938804253241,
 117.6889165181331,
 117.59147844908713,
 117.59147844908713
 ]